359,57
359,56
359,55
359,54
359,53
359,52
359,51
359,50
359,49
359,48
359,47
359,46
359,45
359,44
359,43
359,42
359,41
359,40
359,39
14,7
359,38
359,37
359,36
359,35
10,167
10,269
10,67
10,28
10,279
10,25
10,205
10,4
10,2
10,3
11,11
11,8
11,14
11,25
11,23
11,13
11,2
11,3
9,7
9,2
9,3
8,8
8,4
8,7
8,13
12,2
12,1
12,3
20,2
20,1
20,3
19,2
19,1
19,3
357,3
357,2
357,1
357,0
356,3
356,2
356,1
356,0
355,3
355,2
355,1
355,0
354,5
354,4
354,3
354,2
354,1
354,0
353,4
353,3
353,2
353,1
353,0
352,3
352,2
352,1
352,0
350,4
350,3
350,2
350,1
350,0
349,3
349,2
349,1
349,0
344,3
344,1
342,3
342,1
341,3
341,1
338,4
338,3
338,2
338,1
338,0
320,5
320,4
320,3
320,2
320,1
320,0
319,3
319,2
319,1
319,0
311,5
311,4
311,3
311,2
311,1
308,5
308,4
308,3
308,1
298,7
298,6
298,5
298,4
298,3
298,1
292,5
